32.76 0 0 3
33.27196078431373 1 1 11
33.78392156862745 4 4 21
34.29588235294118 9 7 31
34.8078431372549 14 10 42
35.31980392156863 20 13 53
35.83176470588235 26 16 65
36.34372549019608 32 17 77
36.8556862745098 40 17 89
37.36764705882353 48 16 101
37.87960784313725 57 15 110
38.39156862745098 66 15 116
38.9035294117647 74 16 121
39.41549019607843 82 18 124
39.92745098039215 90 21 126
40.43941176470588 97 24 127
40.95137254901961 105 28 128
41.46333333333333 113 31 129
41.97529411764705 121 34 129
42.48725490196078 129 37 129
42.99921568627451 137 40 129
43.51117647058823 145 42 128
44.02313725490196 153 45 127
44.53509803921568 161 47 126
45.04705882352941 169 50 124
45.55901960784313 177 53 122
46.07098039215686 185 55 120
46.582941176470584 194 58 117
47.09490196078431 202 62 114
47.60686274509804 209 66 110
48.11882352941176 217 70 106
48.630784313725485 224 75 102
49.142745098039214 230 81 98
49.65470588235294 236 88 95
50.166666666666664 240 96 93
50.678627450980386 244 104 91
51.190588235294115 247 113 91
51.702549019607844 249 123 93
52.214509803921565 251 132 96
52.72647058823529 252 142 99
53.238431372549016 253 151 104
53.750392156862745 253 161 110
54.262352941176474 254 170 116
54.774313725490195 254 179 123
55.28627450980392 254 188 130
55.798235294117646 254 198 137
56.310196078431375 253 207 146
56.822156862745096 253 216 154
57.33411764705882 253 225 163
57.84607843137255 252 234 172
58.358039215686276 252 243 181
58.87 251 252 191
